1510382458.47
1510382458.48
1510382458.49
1510382458.5
1510382458.51
1510382458.52
1510382458.53
1510382458.54
1510382458.55
1510382458.56
1510382458.57
1510382458.58
1510382458.59
1510382458.6
1510382458.61
1510382458.62
1510382458.63
1510382458.65
1510382458.66
1510382458.67
1510382458.68
1510382458.69
1510382458.7
1510382458.71
1510382458.72
1510382458.73
1510382458.74
1510382458.75
1510382458.76
1510382458.77
1510382458.78
1510382458.79
1510382458.8
1510382458.81
1510382458.82
1510382458.83
1510382458.84
1510382458.85
1510382458.86
1510382458.87
1510382458.88
1510382458.89
1510382458.9
1510382458.91
1510382458.92
1510382458.93
1510382458.94
1510382458.95
1510382458.96
1510382458.97
1510382458.98
1510382458.99
1510382459.0
1510382459.01
1510382459.02
1510382459.03
1510382459.04
1510382459.05
1510382459.06
1510382459.07
1510382459.08
1510382459.09
1510382459.1
1510382459.11
1510382459.12
1510382459.13
1510382459.14
1510382459.15
1510382459.16
1510382459.17
1510382459.18
1510382459.19
1510382459.2
1510382459.21
1510382459.22
1510382459.23
1510382459.24
1510382459.25
1510382459.26
1510382459.27
1510382459.28
1510382459.29
1510382459.3
1510382459.31
1510382459.32
1510382459.33
1510382459.34
1510382459.35
1510382459.36
1510382459.37
1510382459.38
1510382459.39
1510382459.4
1510382459.41
1510382459.42
1510382459.43
1510382459.44
1510382459.45
1510382459.46
1510382459.47
1510382459.48
1510382459.49
1510382459.5
1510382459.51
1510382459.52
1510382459.53
1510382459.54
1510382459.55
1510382459.56
1510382459.57
1510382459.58
1510382459.59
1510382459.6
1510382459.61
1510382459.62
1510382459.63
1510382459.64
1510382459.65
1510382459.66
1510382459.67
1510382459.68
1510382459.69
1510382459.7
1510382459.71
1510382459.72
1510382459.73
1510382459.74
1510382459.75
1510382459.76
1510382459.77
1510382459.78
1510382459.79
1510382459.8
1510382459.81
1510382459.82
1510382459.84
1510382459.85
1510382459.86
1510382459.87
1510382459.88
1510382459.88
1510382459.89
1510382459.9
1510382459.91
1510382459.92
1510382459.93
1510382459.94
1510382459.95
1510382459.96
1510382459.97
1510382459.98
1510382459.99
1510382460.01
1510382460.02
1510382460.03
1510382460.04
1510382460.05
1510382460.06
1510382460.07
1510382460.08
1510382460.09
1510382460.1
1510382460.11
1510382460.12
1510382460.13
1510382460.14
1510382460.15
1510382460.16
1510382460.17
1510382460.18
1510382460.19
1510382460.2
1510382460.21
1510382460.22
1510382460.23
1510382460.24
1510382460.25
1510382460.26
1510382460.27
1510382460.28
1510382460.29
1510382460.3
1510382460.31
1510382460.32
1510382460.33
1510382460.34
1510382460.35
1510382460.36
1510382460.37
1510382460.38
1510382460.39
1510382460.4
1510382460.41
1510382460.42
1510382460.43
1510382460.44
1510382460.45
1510382460.46
1510382460.47
1510382460.48
1510382460.49
1510382460.5
1510382460.51
1510382460.52
1510382460.53
1510382460.54
1510382460.55
1510382460.56
1510382460.57
1510382460.58
1510382460.59
1510382460.6
1510382460.61
1510382460.62
1510382460.63
1510382460.64
1510382460.65
1510382460.66
1510382460.67
1510382460.68
1510382460.69
1510382460.7
1510382460.71
1510382460.72
1510382460.73
1510382460.74
1510382460.75
1510382460.76
1510382460.77
1510382460.78
1510382460.79
1510382460.8
1510382460.81
1510382460.82
1510382460.83
1510382460.84
1510382460.85
1510382460.86
1510382460.87
1510382460.88
1510382460.89
1510382460.9
1510382460.91
1510382460.92
1510382460.93
1510382460.94
1510382460.95
1510382460.96
1510382460.97
1510382460.98
1510382460.99
1510382461.0
1510382461.01
1510382461.02
1510382461.03
1510382461.04
1510382461.05
1510382461.06
1510382461.07
1510382461.08
1510382461.09
1510382461.1
1510382461.11
1510382461.12
1510382461.13
1510382461.14
1510382461.15
1510382461.16
1510382461.17
1510382461.18
1510382461.19
1510382461.2
1510382461.21
1510382461.22
1510382461.23
1510382461.24
1510382461.25
1510382461.26
1510382461.27
1510382461.28
1510382461.29
1510382461.3
1510382461.31
1510382461.32
1510382461.33
1510382461.34
1510382461.35
1510382461.36
1510382461.37
1510382461.38
1510382461.39
1510382461.4
1510382461.41
1510382461.42
1510382461.43
1510382461.44
1510382461.45
1510382461.46
1510382461.47
1510382461.48
1510382461.49
1510382461.5
1510382461.51
1510382461.52
1510382461.53
1510382461.54
1510382461.55
1510382461.56
1510382461.57
1510382461.58
1510382461.59
1510382461.6
1510382461.61
1510382461.63
1510382461.64
1510382461.65
1510382461.66
1510382461.67
1510382461.68
1510382461.69
1510382461.7
1510382461.71
1510382461.72
1510382461.73
1510382461.74
1510382461.75
1510382461.76
1510382461.77
1510382461.78
1510382461.79
1510382461.8
1510382461.81
1510382461.82
1510382461.83
1510382461.84
1510382461.85
1510382461.86
1510382461.87
1510382461.88
1510382461.89
1510382461.9
1510382461.91
1510382461.92
1510382461.93
1510382461.94
1510382461.95
1510382461.96
1510382461.97
1510382461.98
1510382461.99
1510382462.0
1510382462.01
1510382462.02
1510382462.03
1510382462.04
1510382462.05
1510382462.06
1510382462.07
1510382462.08
1510382462.09
1510382462.1
1510382462.11
1510382462.12
1510382462.13
1510382462.14
1510382462.15
1510382462.16
1510382462.17
1510382462.18
1510382462.19
1510382462.2
1510382462.21
1510382462.22
1510382462.23
1510382462.24
1510382462.25
1510382462.26
1510382462.27
1510382462.28
1510382462.29
1510382462.3
1510382462.31
1510382462.32
1510382462.33
1510382462.34
1510382462.35
1510382462.36
1510382462.37
1510382462.38
1510382462.39
1510382462.4
1510382462.41
1510382462.42
1510382462.43
1510382462.44
1510382462.45
1510382462.46
1510382462.47
1510382462.48
1510382462.49
1510382462.5
1510382462.51
1510382462.52
1510382462.53
1510382462.54
1510382462.55
1510382462.57
1510382462.58
1510382462.59
1510382462.6
1510382462.61
1510382462.62
1510382462.63
1510382462.64
1510382462.65
1510382462.66
1510382462.67
1510382462.68
1510382462.69
1510382462.7
1510382462.71
1510382462.72
1510382462.73
1510382462.74
1510382462.75
1510382462.76
1510382462.77
1510382462.78
1510382462.79
1510382462.8
1510382462.81
1510382462.82
1510382462.83
1510382462.84
1510382462.85
1510382462.87
1510382462.88
1510382462.88
1510382462.89
1510382462.9
1510382462.91
1510382462.92
1510382462.93
1510382462.94
1510382462.95
1510382462.96
1510382462.97
1510382462.98
1510382462.99
1510382463.01
1510382463.02
1510382463.03
1510382463.04
1510382463.05
1510382463.06
1510382463.07
1510382463.08
1510382463.09
1510382463.1
1510382463.11
1510382463.12
1510382463.13
1510382463.14
1510382463.15
1510382463.16
1510382463.17
1510382463.18
1510382463.19
1510382463.2
1510382463.21
1510382463.22
1510382463.23
1510382463.24
1510382463.25
1510382463.26
1510382463.27
1510382463.28
1510382463.29
1510382463.3
1510382463.31
1510382463.32
1510382463.33
1510382463.34
1510382463.35
1510382463.36
1510382463.37
1510382463.38
1510382463.39
1510382463.4
1510382463.41
1510382463.42
1510382463.43
1510382463.44
1510382463.45
1510382463.46
1510382463.47
1510382463.48
1510382463.49
1510382463.5
1510382463.51
1510382463.52
1510382463.53
1510382463.54
1510382463.55
1510382463.56
1510382463.57
1510382463.58
1510382463.59
1510382463.6
1510382463.61
1510382463.62
1510382463.63
1510382463.64
1510382463.65
1510382463.66
1510382463.67
1510382463.68
1510382463.69
1510382463.7
1510382463.71
1510382463.72
1510382463.73
1510382463.75
1510382463.76
1510382463.77
1510382463.78
1510382463.79
1510382463.8
1510382463.81
1510382463.82
1510382463.83
1510382463.84
1510382463.85
1510382463.86
1510382463.87
1510382463.88
1510382463.89
1510382463.9
1510382463.91
1510382463.92
1510382463.93
1510382463.94
1510382463.95
1510382463.96
1510382463.97
1510382463.98
1510382463.99
1510382464.0
1510382464.01
1510382464.02
1510382464.03
1510382464.04
1510382464.05
1510382464.06
1510382464.07
1510382464.08
1510382464.09
1510382464.1
1510382464.11
1510382464.12
1510382464.13
1510382464.14
1510382464.15
1510382464.16
1510382464.17
1510382464.18
1510382464.19
1510382464.2
1510382464.21
1510382464.22
1510382464.23
1510382464.24
1510382464.25
1510382464.26
1510382464.27
1510382464.28
1510382464.29
1510382464.3
1510382464.31
1510382464.32
1510382464.33
1510382464.34
1510382464.35
1510382464.36
1510382464.37
1510382464.38
1510382464.39
1510382464.4
1510382464.41
1510382464.42
1510382464.43
1510382464.44
1510382464.45
1510382464.46
1510382464.47
1510382464.48
1510382464.49
1510382464.5
1510382464.51
1510382464.52
1510382464.53
1510382464.54
1510382464.55
1510382464.56
1510382464.57
1510382464.58
1510382464.59
1510382464.6
1510382464.61
1510382464.62
1510382464.63
1510382464.64
1510382464.65
1510382464.66
1510382464.67
1510382464.68
1510382464.69
1510382464.7
1510382464.71
1510382464.72
1510382464.73
1510382464.74
1510382464.75
1510382464.76
1510382464.77
1510382464.78
1510382464.79
1510382464.8
1510382464.81
1510382464.82
1510382464.83
1510382464.84
1510382464.85
1510382464.86
1510382464.87
1510382464.88
1510382464.89
1510382464.9
1510382464.91
1510382464.92
1510382464.93
1510382464.94
1510382464.95
1510382464.96
1510382464.97
1510382464.99
1510382465.0
1510382465.01
1510382465.02
1510382465.03
1510382465.04
1510382465.05
1510382465.06
1510382465.07
1510382465.08
1510382465.09
1510382465.1
1510382465.11
1510382465.12
1510382465.13
1510382465.14
1510382465.15
1510382465.16
1510382465.17
1510382465.18
1510382465.19
1510382465.2
1510382465.21
1510382465.22
1510382465.23
1510382465.24
1510382465.25
1510382465.26
1510382465.27
1510382465.28
1510382465.29
1510382465.3
1510382465.31
1510382465.32
1510382465.33
1510382465.34
1510382465.35
1510382465.36
1510382465.37
1510382465.38
1510382465.39
1510382465.4
1510382465.41
1510382465.42
1510382465.43
1510382465.44
1510382465.45
1510382465.46
1510382465.47
1510382465.48
1510382465.49
1510382465.5
1510382465.51
1510382465.52
1510382465.53
1510382465.54
1510382465.55
1510382465.56
1510382465.57
1510382465.58
1510382465.59
1510382465.6
1510382465.61
1510382465.62
1510382465.63
1510382465.64
1510382465.65
1510382465.66
1510382465.67
1510382465.68
1510382465.69
1510382465.7
1510382465.71
1510382465.72
1510382465.73
1510382465.74
1510382465.75
1510382465.76
1510382465.77
1510382465.78
1510382465.79
1510382465.8
1510382465.81
1510382465.82
1510382465.83
1510382465.84
1510382465.85
1510382465.86
1510382465.87
1510382465.88
1510382465.89
1510382465.9
1510382465.91
1510382465.92
1510382465.93
1510382465.94
1510382465.95
1510382465.96
1510382465.97
1510382465.98
1510382465.99
1510382466.0
1510382466.01
1510382466.02
1510382466.03
1510382466.04
1510382466.05
1510382466.06
1510382466.07
1510382466.08
1510382466.09
1510382466.1
1510382466.11
1510382466.12
1510382466.13
1510382466.14
1510382466.15
1510382466.16
1510382466.17
1510382466.18
1510382466.19
1510382466.2
1510382466.21
1510382466.22
1510382466.23
1510382466.24
1510382466.25
1510382466.26
1510382466.27
1510382466.28
1510382466.29
1510382466.3
1510382466.31
1510382466.32
1510382466.33
1510382466.34
1510382466.35
1510382466.36
1510382466.37
1510382466.38
1510382466.39
1510382466.4
1510382466.41
1510382466.42
1510382466.43
1510382466.44
1510382466.45
1510382466.46
1510382466.47
1510382466.48
1510382466.49
1510382466.5
1510382466.51
1510382466.52
1510382466.53
1510382466.54
1510382466.55
1510382466.56
1510382466.57
1510382466.58
1510382466.59
1510382466.61
1510382466.62
1510382466.63
1510382466.64
1510382466.65
1510382466.66
1510382466.67
1510382466.68
1510382466.69
1510382466.7
1510382466.71
1510382466.72
1510382466.73
1510382466.74
1510382466.75
1510382466.76
1510382466.77
1510382466.78
1510382466.79
1510382466.8
1510382466.81
1510382466.82
1510382466.83
1510382466.84
1510382466.85
1510382466.86
1510382466.87
1510382466.88
1510382466.89
1510382466.9
1510382466.91
1510382466.92
1510382466.93
1510382466.94
1510382466.95
1510382466.96
1510382466.97
1510382466.98
1510382466.99
1510382467.0
1510382467.01
1510382467.02
1510382467.03
1510382467.04
1510382467.05
1510382467.06
1510382467.07
1510382467.08
1510382467.09
1510382467.1
1510382467.11
1510382467.12
1510382467.13
1510382467.14
1510382467.15
1510382467.16
1510382467.17
1510382467.18
1510382467.19
1510382467.2
1510382467.21
1510382467.22
1510382467.23
1510382467.24
1510382467.25
1510382467.26
1510382467.27
1510382467.28
1510382467.29
1510382467.3
1510382467.31
1510382467.32
1510382467.33
1510382467.34
1510382467.35
1510382467.36
1510382467.37
1510382467.38
1510382467.39
1510382467.4
1510382467.41
1510382467.42
1510382467.43
1510382467.44
1510382467.45
1510382467.46
1510382467.47
1510382467.48
1510382467.49
1510382467.5
1510382467.51
1510382467.52
1510382467.53
1510382467.54
1510382467.55
1510382467.56
1510382467.57
1510382467.58
1510382467.59
1510382467.6
1510382467.61
1510382467.62
1510382467.63
1510382467.64
1510382467.65
1510382467.66
1510382467.67
1510382467.68
1510382467.69
1510382467.7
1510382467.71
1510382467.72
1510382467.73
1510382467.74
1510382467.75
1510382467.76
1510382467.77
1510382467.78
1510382467.79
1510382467.8
1510382467.81
1510382467.82
1510382467.83
1510382467.84
1510382467.85
1510382467.86
1510382467.87
1510382467.88
1510382467.89
1510382467.9
1510382467.91
1510382467.92
1510382467.93
1510382467.94
1510382467.95
1510382467.96
1510382467.97
1510382467.98
1510382467.99
1510382468.0
1510382468.01
1510382468.02
1510382468.03
1510382468.04
1510382468.05
1510382468.06
1510382468.07
1510382468.08
1510382468.1
1510382468.11
1510382468.12
1510382468.12
1510382468.13
1510382468.14
1510382468.15
1510382468.16
1510382468.17
1510382468.18
1510382468.19
1510382468.2
1510382468.22
1510382468.23
1510382468.24
1510382468.25
1510382468.26
1510382468.27
1510382468.28
1510382468.29
1510382468.3
1510382468.31
1510382468.32
1510382468.33
1510382468.34
1510382468.35
1510382468.36
1510382468.37
1510382468.38
1510382468.39
1510382468.4
1510382468.41
1510382468.42
1510382468.43
1510382468.44
1510382468.45
1510382468.46
1510382468.47
1510382468.48
1510382468.49
1510382468.5
1510382468.51
1510382468.52
1510382468.53
1510382468.54
1510382468.55
